SNAP [0.9967932 1.0001724 1.0160971 1.0140013 1.000358  1.0229661 1.0164322
 1.0495852 1.0524762 1.0742381 1.0536333 1.0573256 1.090435  1.0840243
 1.082061  1.0903513 1.0671895 1.0596685 1.0608149 1.0622402] [0.0091595] [0.00692342] [-0.01026304]
GAIN [0.9976279  0.9966171  1.0001994  0.98820716 0.993956   1.0033025
 0.9947608  1.0064354  1.0044872  1.0138416  1.0109075  1.0170968
 1.0196155  1.0187067  1.0198523  1.0229967  1.020801   1.0163958
 1.0224701  1.015127  ] [-0.00409361] [0.00255674] [-0.00169444]
BBD [0.9960216 1.0004568 1.0074782 1.0003927 1.0031309 1.0030318 1.0076536
 1.0221834 1.0210097 1.0207837 1.0126978 1.029781  1.0349404 1.0317062
 1.034391  1.0262613 1.025172  1.0261635 1.025706  1.007037 ] [-0.00076988] [0.0011603] [0.00034525]
GLUU [1.0056273  0.9971159  0.99386    0.99378884 0.99929225 1.0069008
 1.0030499  0.9973401  1.0076189  1.012544   1.0107206  1.010067
 1.0205922  1.0269846  1.0243213  1.0265409  1.02258    1.0214685
 1.020933   1.0216724 ] [0.00041525] [0.00343903] [0.00049299]
ZG [0.9894027  0.9858446  0.9885541  0.9750241  0.98047507 0.9955267
 0.9862501  1.0129035  1.0059135  1.0195981  1.0086997  1.0248775
 1.0396401  1.0398879  1.0283184  1.0347646  1.0310658  1.0279713
 1.0356303  1.0246164 ] [-0.00147614] [0.00433958] [-0.00274871]
MSFT [0.99976647 0.99717945 0.99645215 0.9939313  0.9958237  0.9984603
 1.0012679  1.0064421  1.0059587  1.0118719  1.0090503  1.010816
 1.0146973  1.0157589  1.0194594  1.0202669  1.0183252  1.0187483
 1.0216637  1.0210986 ] [-0.00226535] [0.00253174] [-0.00091272]
SHOP [0.9994171  0.99438906 0.9899072  0.9904698  0.99240774 0.9931784
 0.9974344  1.0059072  0.99877137 1.0048412  1.0004971  1.00554
 1.0096216  1.0067639  1.0116477  1.011097   1.0071226  1.0087663
 1.006349   1.0099843 ] [0.00060545] [0.00158148] [0.00124708]
RF [0.9966527  0.995544   0.9972332  0.99185187 0.9971255  1.0021007
 0.9990145  1.011867   1.0113995  1.0171068  1.0127786  1.0213722
 1.0237019  1.020795   1.0227029  1.0253108  1.024979   1.0187975
 1.0207901  1.0185162 ] [-0.00416264] [0.00509892] [-0.00220379]
GMED [0.99894685 0.99617714 0.9943857  0.9930266  0.99986815 1.003282
 1.0016695  1.006235   1.0028361  1.0084168  1.0078121  1.0096548
 1.0116568  1.0108508  1.0185688  1.0136741  1.015285   1.0166416
 1.0179651  1.0145739 ] [-0.00232484] [0.00387524] [-0.0003206]
SQ [0.9976934  0.99353266 0.99097997 0.9881067  0.9966457  0.9984124
 1.0058464  1.0031829  0.9985978  1.0102938  1.0005993  1.0003055
 1.012909   1.0058093  1.0114317  1.0114453  1.0120896  1.0167264
 1.0231082  1.0240664 ] [0.00284213] [0.00406433] [0.00048904]
CCMP [0.9980246  0.99186736 0.99383754 0.99186486 0.9951935  1.0007906
 0.99618316 1.0085862  1.0065285  1.0105175  1.0070251  1.0167968
 1.0185212  1.01645    1.0177025  1.0259014  1.0234433  1.0160564
 1.0139452  1.0186155 ] [-0.00441137] [0.00367187] [-0.00205623]
BPMC [0.9909584  0.9957555  1.0018362  0.99471915 1.0011424  1.0073152
 0.9999069  1.0310179  1.0293856  1.0362496  1.0279611  1.0404541
 1.0481713  1.0359231  1.0384035  1.039023   1.0382686  1.0306013
 1.0310884  1.0326896 ] [-0.00428871] [0.00976381] [-0.00449771]
ALGN [0.99594116 0.99352014 0.991217   0.97368807 0.97353286 0.9917996
 0.9798862  0.98914915 0.989956   1.0022571  0.9974419  1.0006607
 1.0163165  1.0143139  1.0115819  1.0284305  1.0205193  1.007131
 1.0266341  1.0184604 ] [0.00112271] [0.00579918] [0.00444786]
ATHM [0.994516   0.9878916  0.9829259  0.98227924 0.987501   0.991329
 0.9844882  1.0020882  0.9968819  1.0021683  0.9923188  1.0070457
 1.0057182  1.0080167  0.9980767  1.0097889  1.0107808  1.0055631
 0.9997498  1.0049711 ] [-0.00363599] [0.00454012] [-0.00218845]
BLKB [0.99510545 0.99335414 1.000575   0.98764426 0.9940269  1.0065402
 0.9900984  1.0166255  1.0138981  1.0238692  1.0199463  1.0296303
 1.04194    1.0372609  1.0346509  1.041432   1.0328684  1.0311568
 1.0367434  1.023064  ] [-0.00137617] [0.00424606] [-0.00331318]
ATVI [0.99465925 0.9957607  1.0012215  0.98342407 0.9895527  0.99799114
 0.992595   1.0115703  1.008015   1.0208957  1.0152297  1.0205123
 1.0280217  1.0236956  1.0264534  1.0288147  1.0214814  1.0188959
 1.0342767  1.0163125 ] [-0.00215409] [0.0075089] [0.00042439]
BAC [0.9973088  0.9977366  1.0002208  0.99321    0.99865246 1.0041319
 1.001729   1.01505    1.0141727  1.0205557  1.0167608  1.0241838
 1.0279537  1.0251515  1.0278974  1.0289149  1.0285848  1.0227886
 1.0248486  1.0221426 ] [-0.00375693] [0.00455935] [-0.00218682]
NEWT [0.9994148  0.99624586 0.99803585 0.9909714  0.99357635 1.0004271
 1.0006955  1.0044345  1.0073841  1.0129021  1.0104835  1.0141995
 1.0172049  1.0208215  1.0187682  1.0207244  1.0193834  1.0188905
 1.021998   1.0181301 ] [-0.00260707] [0.00164872] [-0.00147079]
GAIN [0.9976279  0.9966171  1.0001994  0.98820716 0.993956   1.0033025
 0.9947608  1.0064354  1.0044872  1.0138416  1.0109075  1.0170968
 1.0196155  1.0187067  1.0198523  1.0229967  1.020801   1.0163958
 1.0224701  1.015127  ] [-0.00409361] [0.00255674] [-0.00169444]
WRD [0.99591005 0.9914026  0.9913298  0.98714435 0.99224985 0.9972194
 0.99371105 0.99927974 0.9920623  0.99862164 1.0012634  1.0048351
 1.0016708  1.001797   1.0030234  1.0035717  1.0078462  1.0079429
 1.0087763  1.0070814 ] [0.00055987] [0.00441652] [0.00307541]
NKE [0.99939436 0.99621844 0.9954509  0.991041   0.99447894 0.99877495
 0.9996006  1.0052251  1.004336   1.0105488  1.0089655  1.0110626
 1.0145737  1.0153264  1.0201689  1.0209638  1.0186448  1.0162916
 1.0216333  1.0230138 ] [-0.0020698] [0.00290279] [-0.00057935]
RGA [0.9967088  0.9993183  1.0040936  0.99722195 0.9987123  1.0026946
 1.0039243  1.0133477  1.0139629  1.0189873  1.0136087  1.0225257
 1.0222168  1.0240119  1.0267695  1.0246885  1.0254854  1.0229313
 1.0221238  1.016379  ] [-0.00479471] [0.00329956] [-0.0013526]
TRU [0.997868   0.99331856 0.9926273  0.9882371  0.9906997  0.99805564
 0.99511135 1.0005381  0.99811244 1.0042033  1.0039454  1.0062952
 1.0084816  1.0087996  1.0097926  1.0163177  1.0140177  1.0110456
 1.0152359  1.0197086 ] [0.00018607] [0.00191489] [0.0005806]
EC [0.9935756  0.9947296  0.9930585  0.99259484 0.99788696 1.0017557
 1.0041174  1.0048245  0.9963986  1.0068363  1.0013098  1.0030797
 1.0046493  1.0025655  1.0055925  1.0051833  1.0078034  1.0138512
 1.0186095  1.0184262 ] [0.00246832] [0.0056325] [-0.00092698]

